
dx=0.01, dt=1e-05, dt/dx²=0.1
Running time  0.00751263

True and numerical values at M=100 space points at time T=0.1:

True values           Numerical solutions

-2.59163e-186            0
0.00121162            0.00121225
0.00241847            0.00241973
0.00361577            0.00361765
0.0047988            0.00480129
0.00596289            0.00596598
0.00710344            0.00710714
0.00821597            0.00822024
0.00929606            0.0093009
0.0103395            0.0103449
0.0113421            0.011348
0.0122999            0.0123063
0.0132092            0.0132161
0.0140664            0.0140737
0.0148681            0.0148758
0.015611            0.0156192
0.0162924            0.0163009
0.0169095            0.0169183
0.0174598            0.0174689
0.0179412            0.0179506
0.0183519            0.0183614
0.0186901            0.0186998
0.0189545            0.0189644
0.0191441            0.0191541
0.0192582            0.0192682
0.0192963            0.0193063
0.0192582            0.0192682
0.0191441            0.0191541
0.0189545            0.0189644
0.0186901            0.0186998
0.0183519            0.0183614
0.0179412            0.0179506
0.0174598            0.0174689
0.0169095            0.0169183
0.0162924            0.0163009
0.015611            0.0156192
0.0148681            0.0148758
0.0140664            0.0140737
0.0132092            0.0132161
0.0122999            0.0123063
0.0113421            0.011348
0.0103395            0.0103449
0.00929606            0.0093009
0.00821597            0.00822024
0.00710344            0.00710714
0.00596289            0.00596598
0.0047988            0.00480129
0.00361577            0.00361765
0.00241847            0.00241973
0.00121162            0.00121225
3.84807e-11            3.9271e-11
-0.00121162            -0.00121225
-0.00241847            -0.00241973
-0.00361577            -0.00361765
-0.0047988            -0.00480129
-0.00596289            -0.00596598
-0.00710344            -0.00710714
-0.00821597            -0.00822024
-0.00929606            -0.0093009
-0.0103395            -0.0103449
-0.0113421            -0.011348
-0.0122999            -0.0123063
-0.0132092            -0.0132161
-0.0140664            -0.0140737
-0.0148681            -0.0148758
-0.015611            -0.0156192
-0.0162924            -0.0163009
-0.0169095            -0.0169183
-0.0174598            -0.0174689
-0.0179412            -0.0179506
-0.0183519            -0.0183614
-0.0186901            -0.0186998
-0.0189545            -0.0189644
-0.0191441            -0.0191541
-0.0192582            -0.0192682
-0.0192963            -0.0193063
-0.0192582            -0.0192682
-0.0191441            -0.0191541
-0.0189545            -0.0189644
-0.0186901            -0.0186998
-0.0183519            -0.0183614
-0.0179412            -0.0179506
-0.0174598            -0.0174689
-0.0169095            -0.0169183
-0.0162924            -0.0163009
-0.015611            -0.0156192
-0.0148681            -0.0148758
-0.0140664            -0.0140737
-0.0132092            -0.0132161
-0.0122999            -0.0123063
-0.0113421            -0.011348
-0.0103395            -0.0103449
-0.00929606            -0.0093009
-0.00821597            -0.00822024
-0.00710344            -0.00710714
-0.00596289            -0.00596598
-0.0047988            -0.00480129
-0.00361577            -0.00361765
-0.00241847            -0.00241973
-0.00121162            -0.00121225
-4.72623e-18            0
