
dx=0.00862069, dt=1e-05, dt/dx²=0.13456


dx=0.00862069, dt=1e-05, dt/dx²=0.13456

dx=0.00862069, dt=1e-05, dt/dx²=0.13456

dx=0.00862069, dt=1e-05, dt/dx²=0.13456
dx=0.00862069, dt=1e-05, dt/dx²=0.13456

dx=0.00862069, dt=1e-05, dt/dx²=0.13456
Running time  0.092705

True and numerical values at M=116 space points at time T=0.1:

True values 

-2.59163e-186
0.00104468
0.0020863
0.00312179
0.00414813
0.00516231
0.00616134
0.0071423
0.00810231
0.00903855
0.00994828
0.0108288
0.0116776
0.0124922
0.0132701
0.014009
0.0147069
0.0153617
0.0159713
0.0165342
0.0170485
0.0175129
0.0179258
0.0182862
0.018593
0.0188452
0.0190421
0.0191832
0.019268
0.0192963
0.019268
0.0191832
0.0190421
0.0188452
0.018593
0.0182862
0.0179258
0.0175129
0.0170485
0.0165342
0.0159713
0.0153617
0.0147069
0.014009
0.0132701
0.0124922
0.0116776
0.0108288
0.00994828
0.00903855
0.00810231
0.0071423
0.00616134
0.00516231
0.00414813
0.00312179
0.0020863
0.00104468
3.84807e-11
-0.00104468
-0.0020863
-0.00312179
-0.00414813
-0.00516231
-0.00616134
-0.0071423
-0.00810231
-0.00903855
-0.00994828
-0.0108288
-0.0116776
-0.0124922
-0.0132701
-0.014009
-0.0147069
-0.0153617
-0.0159713
-0.0165342
-0.0170485
-0.0175129
-0.0179258
-0.0182862
-0.018593
-0.0188452
-0.0190421
-0.0191832
-0.019268
-0.0192963
-0.019268
-0.0191832
-0.0190421
-0.0188452
-0.018593
-0.0182862
-0.0179258
-0.0175129
-0.0170485
-0.0165342
-0.0159713
-0.0153617
-0.0147069
-0.014009
-0.0132701
-0.0124922
-0.0116776
-0.0108288
-0.00994828
-0.00903855
-0.00810231
-0.0071423
-0.00616134
-0.00516231
-0.00414813
-0.00312179
-0.0020863
-0.00104468
-4.72623e-18

Numerical solutions 

0
0.00106849
0.00213394
0.00319334
0.00424368
0.00528198
0.00630531
0.00731075
0.00829547
0.00925668
0.0101917
0.0110978
0.0119725
0.0128133
0.0136179
0.014384
0.0151094
0.0157922
0.0164304
0.0170223
0.0175662
0.0180607
0.0185044
0.0188962
0.0192349
0.0195196
0.0197498
0.0199247
0.020044
0.0201075
0.020115
0.0200666
0.0199627
0.0198035
0.0195897
0.0193221
0.0190014
0.0186287
0.0182053
0.0177325
0.0172117
0.0166446
0.016033
0.0153787
0.0146837
0.0139502
0.0131805
0.0123768
0.0115416
0.0106775
0.00978704
0.00887292
0.00793791
0.00698483
0.00601653
0.00503593
0.00404596
0.00304958
0.00204978
0.00104953
5.1822e-05
-0.00094038
-0.00192413
-0.0028965
-0.00385461
-0.00479563
-0.00571679
-0.00661535
-0.00748868
-0.00833422
-0.00914947
-0.00993207
-0.0106797
-0.0113903
-0.0120616
-0.0126918
-0.0132792
-0.0138218
-0.0143184
-0.0147674
-0.0151675
-0.0155178
-0.0158171
-0.0160648
-0.0162602
-0.0164027
-0.0164921
-0.0165283
-0.0165111
-0.0164409
-0.0163178
-0.0161424
-0.0159154
-0.0156375
-0.0153097
-0.014933
-0.0145089
-0.0140386
-0.0135237
-0.0129658
-0.0123668
-0.0117287
-0.0110534
-0.0103431
-0.00960006
-0.00882669
-0.00802543
-0.00719881
-0.00634947
-0.00548008
-0.0045934
-0.00369223
-0.00277941
-0.00185782
-0.000930378
1.58101e-322
0
